void plastic yellow
0
0
5                0.6                0.6                  0                0.1               0.05

void plastic wood
0
0
5                0.6                0.3                0.2                  0                0.1

void plastic lead
0
0
5                0.1                0.1                0.1                0.3               0.07

yellow polygon s0.side
0
0
12
              0.125                  6      -0.0721687836
              0.125                  6       0.0721687836
              0.125                  1       0.0721687836
              0.125                  1      -0.0721687836

wood polygon s0.tip
0
0
12
            0.03125               0.25       0.0180421959
            0.03125               0.25      -0.0180421959
              0.125                  1      -0.0721687836
              0.125                  1       0.0721687836

lead polygon s0.point
0
0
9
                  0                  0                  0
            0.03125               0.25      -0.0180421959
            0.03125               0.25       0.0180421959

yellow polygon s1.side
0
0
12
   4.2168279285e-11                  6    -0.144337567273
     0.124999999958                  6   -0.0721687836731
     0.124999999958                  1   -0.0721687836731
   4.2168279285e-11                  1    -0.144337567273

wood polygon s1.tip
0
0
12
    0.0312499999895               0.25   -0.0180421959183
  1.05420698213e-11               0.25   -0.0360843918183
   4.2168279285e-11                  1    -0.144337567273
     0.124999999958                  1   -0.0721687836731

lead polygon s1.point
0
0
9
                  0                  0                  0
  1.05420698213e-11               0.25   -0.0360843918183
    0.0312499999895               0.25   -0.0180421959183

yellow polygon s2.side
0
0
12
    -0.124999999958                  6    -0.072168783673
  -4.2198112192e-11                  6    -0.144337567273
  -4.2198112192e-11                  1    -0.144337567273
    -0.124999999958                  1    -0.072168783673

wood polygon s2.tip
0
0
12
  -1.0549528048e-11               0.25   -0.0360843918183
   -0.0312499999895               0.25   -0.0180421959183
    -0.124999999958                  1    -0.072168783673
  -4.2198112192e-11                  1    -0.144337567273

lead polygon s2.point
0
0
9
                  0                  0                  0
   -0.0312499999895               0.25   -0.0180421959183
  -1.0549528048e-11               0.25   -0.0360843918183

yellow polygon s3.side
0
0
12
             -0.125                  6       0.0721687836
             -0.125                  6      -0.0721687836
             -0.125                  1      -0.0721687836
             -0.125                  1       0.0721687836

wood polygon s3.tip
0
0
12
           -0.03125               0.25      -0.0180421959
           -0.03125               0.25       0.0180421959
             -0.125                  1       0.0721687836
             -0.125                  1      -0.0721687836

lead polygon s3.point
0
0
9
                  0                  0                  0
           -0.03125               0.25       0.0180421959
           -0.03125               0.25      -0.0180421959

yellow polygon s4.side
0
0
12
 -4.21384515822e-11                  6     0.144337567273
    -0.124999999958                  6    0.0721687836731
    -0.124999999958                  1    0.0721687836731
 -4.21384515822e-11                  1     0.144337567273

wood polygon s4.tip
0
0
12
   -0.0312499999895               0.25    0.0180421959183
 -1.05346128956e-11               0.25    0.0360843918183
 -4.21384515822e-11                  1     0.144337567273
    -0.124999999958                  1    0.0721687836731

lead polygon s4.point
0
0
9
                  0                  0                  0
 -1.05346128956e-11               0.25    0.0360843918183
   -0.0312499999895               0.25    0.0180421959183

yellow polygon s5.side
0
0
12
     0.124999999958                  6     0.072168783673
  4.22279485685e-11                  6     0.144337567273
  4.22279485685e-11                  1     0.144337567273
     0.124999999958                  1     0.072168783673

wood polygon s5.tip
0
0
12
  1.05569871421e-11               0.25    0.0360843918183
    0.0312499999895               0.25    0.0180421959183
     0.124999999958                  1     0.072168783673
  4.22279485685e-11                  1     0.144337567273

lead polygon s5.point
0
0
9
                  0                  0                  0
    0.0312499999895               0.25    0.0180421959183
  1.05569871421e-11               0.25    0.0360843918183

wood polygon top
0
0
18
              0.125                  6      -0.0721687836
                  0                  6      -0.1443375673
             -0.125                  6      -0.0721687836
             -0.125                  6       0.0721687836
                  0                  6       0.1443375673
              0.125                  6       0.0721687836

lead polygon top_lead
0
0
18
            0.03125              6.001      -0.0180421959
                  0              6.001    -0.036084391825
           -0.03125              6.001      -0.0180421959
           -0.03125              6.001       0.0180421959
                  0              6.001     0.036084391825
            0.03125              6.001       0.0180421959
