0.508000016212 0.508000016212 0.75 0.0 0.0 1.0
0.508000016212 1.52399992943 0.75 0.0 0.0 1.0
0.508000016212 2.53999996185 0.75 0.0 0.0 1.0
0.508000016212 3.55600023270 0.75 0.0 0.0 1.0
0.508000016212 4.57200002670 0.75 0.0 0.0 1.0
0.508000016212 5.58799982071 0.75 0.0 0.0 1.0
0.508000016212 6.60400009155 0.75 0.0 0.0 1.0
0.508000016212 7.61999988556 0.75 0.0 0.0 1.0
0.508000016212 8.63599967957 0.75 0.0 0.0 1.0
0.508000016212 9.65200042725 0.75 0.0 0.0 1.0
0.508000016212 10.6680002213 0.75 0.0 0.0 1.0
0.508000016212 11.6840000153 0.75 0.0 0.0 1.0
1.52400004864 0.508000016212 0.75 0.0 0.0 1.0
1.52400004864 1.52399992943 0.75 0.0 0.0 1.0
1.52400004864 2.53999996185 0.75 0.0 0.0 1.0
1.52400004864 3.55600023270 0.75 0.0 0.0 1.0
1.52400004864 4.57200002670 0.75 0.0 0.0 1.0
1.52400004864 5.58799982071 0.75 0.0 0.0 1.0
1.52400004864 6.60400009155 0.75 0.0 0.0 1.0
1.52400004864 7.61999988556 0.75 0.0 0.0 1.0
1.52400004864 8.63599967957 0.75 0.0 0.0 1.0
1.52400004864 9.65200042725 0.75 0.0 0.0 1.0
1.52400004864 10.6680002213 0.75 0.0 0.0 1.0
1.52400004864 11.6840000153 0.75 0.0 0.0 1.0
2.53999996185 0.508000016212 0.75 0.0 0.0 1.0
2.53999996185 1.52399992943 0.75 0.0 0.0 1.0
2.53999996185 2.53999996185 0.75 0.0 0.0 1.0
2.53999996185 3.55600023270 0.75 0.0 0.0 1.0
2.53999996185 4.57200002670 0.75 0.0 0.0 1.0
2.53999996185 5.58799982071 0.75 0.0 0.0 1.0
2.53999996185 6.60400009155 0.75 0.0 0.0 1.0
2.53999996185 7.61999988556 0.75 0.0 0.0 1.0
2.53999996185 8.63599967957 0.75 0.0 0.0 1.0
2.53999996185 9.65200042725 0.75 0.0 0.0 1.0
2.53999996185 10.6680002213 0.75 0.0 0.0 1.0
2.53999996185 11.6840000153 0.75 0.0 0.0 1.0
3.55600023270 0.508000016212 0.75 0.0 0.0 1.0
3.55600023270 1.52399992943 0.75 0.0 0.0 1.0
3.55600023270 2.53999996185 0.75 0.0 0.0 1.0
3.55600023270 3.55600023270 0.75 0.0 0.0 1.0
3.55600023270 4.57200002670 0.75 0.0 0.0 1.0
3.55600023270 5.58799982071 0.75 0.0 0.0 1.0
3.55600023270 6.60400009155 0.75 0.0 0.0 1.0
3.55600023270 7.61999988556 0.75 0.0 0.0 1.0
3.55600023270 8.63599967957 0.75 0.0 0.0 1.0
3.55600023270 9.65200042725 0.75 0.0 0.0 1.0
3.55600023270 10.6680002213 0.75 0.0 0.0 1.0
3.55600023270 11.6840000153 0.75 0.0 0.0 1.0
4.57200002670 6.60400009155 0.75 0.0 0.0 1.0
4.57200002670 7.61999988556 0.75 0.0 0.0 1.0
4.57200002670 8.63599967957 0.75 0.0 0.0 1.0
4.57200002670 9.65200042725 0.75 0.0 0.0 1.0
4.57200002670 10.6680002213 0.75 0.0 0.0 1.0
4.57200002670 11.6840000153 0.75 0.0 0.0 1.0
5.58800029755 6.60400009155 0.75 0.0 0.0 1.0
5.58800029755 7.61999988556 0.75 0.0 0.0 1.0
5.58800029755 8.63599967957 0.75 0.0 0.0 1.0
5.58800029755 9.65200042725 0.75 0.0 0.0 1.0
5.58800029755 10.6680002213 0.75 0.0 0.0 1.0
5.58800029755 11.6840000153 0.75 0.0 0.0 1.0
6.60400009155 6.60400009155 0.75 0.0 0.0 1.0
6.60400009155 7.61999988556 0.75 0.0 0.0 1.0
6.60400009155 8.63599967957 0.75 0.0 0.0 1.0
6.60400009155 9.65200042725 0.75 0.0 0.0 1.0
6.60400009155 10.6680002213 0.75 0.0 0.0 1.0
6.60400009155 11.6840000153 0.75 0.0 0.0 1.0
7.61999988556 6.60400009155 0.75 0.0 0.0 1.0
7.61999988556 7.61999988556 0.75 0.0 0.0 1.0
7.61999988556 8.63599967957 0.75 0.0 0.0 1.0
7.61999988556 9.65200042725 0.75 0.0 0.0 1.0
7.61999988556 10.6680002213 0.75 0.0 0.0 1.0
7.61999988556 11.6840000153 0.75 0.0 0.0 1.0
8.63599967957 6.60400009155 0.75 0.0 0.0 1.0
8.63599967957 7.61999988556 0.75 0.0 0.0 1.0
8.63599967957 8.63599967957 0.75 0.0 0.0 1.0
8.63599967957 9.65200042725 0.75 0.0 0.0 1.0
8.63599967957 10.6680002213 0.75 0.0 0.0 1.0
8.63599967957 11.6840000153 0.75 0.0 0.0 1.0
4.31800031662 0.474577903748 0.75 -0.0 0.0 1.0
4.31799983978 1.42373371124 0.75 0.0 0.0 1.0
4.31800031662 2.37288951874 0.75 -0.0 0.0 1.0
4.23333326976 3.54708226522 0.75 0.0 -0.0 1.0
4.23333326976 5.48995653788 0.75 0.0 0.0 1.0
4.23333358765 4.81262334188 0.75 0.0 0.0 1.0
4.40266672770 3.07472705841 0.75 0.0 0.0 1.0
4.40266672770 4.29570515951 0.75 0.0 0.0 1.0
5.76579999924 5.69493484497 0.75 0.0 -0.0 1.0
6.73099994659 5.69493484497 0.75 0.0 -0.0 1.0
5.04613367716 5.56124623617 0.75 -0.0 0.0 1.0
8.80533345540 5.82862345378 0.75 0.0 0.0 1.0
7.51840019226 5.82862345378 0.75 0.0 0.0 1.0
8.19573338826 5.56124623617 0.75 0.0 0.0 1.0
4.57199986776 5.82862345378 0.75 0.0 0.0 1.0